0.80733333 0.81363636 0.80854545 0.80975758 0.80939394 0.80769697 0.81006061 0.80624242 0.80963636 0.81321212
0.80733333 0.81363636 0.80854545 0.80975758 0.80939394 0.80769697 0.81006061 0.80624242 0.80963636 0.81321212
0.80733333 0.81363636 0.80854545 0.80975758 0.80939394 0.80769697 0.81006061 0.80624242 0.80963636 0.81321212
0.80733333 0.81363636 0.80854545 0.80975758 0.80939394 0.80769697 0.81006061 0.80624242 0.80963636 0.81321212
0.80733333 0.81363636 0.80854545 0.80975758 0.80939394 0.80769697 0.81006061 0.80624242 0.80963636 0.81321212
0.02011402 0.01437198 0.01371507 0.00474767 0.01426202 0.00590283 0.02085975 0.01813858 0.01389536 0.00484561
0.02272308 0.01702967 0.00700311 0.00968804 0.01379677 0.00857378 0.0208324  0.02187883 0.01849301 0.01351085
0.00864784 0.0106877  0.00671577 0.01094175 0.01882571 0.00778972 0.01044518 0.0177196  0.0119192  0.00969036
0.00575424 0.02071148 0.00357466 0.00526147 0.01769104 0.01482837 0.01625226 0.00288263 0.0003053  0.00291467
0.00892543 0.01265933 0.00422428 0.0053627  0.01344621 0.00560395 0.02117241 0.01273658 0.02031386 0.00507807
0.58936706 0.59117861 0.58530162 0.59086518 0.58212994 0.58740379 0.59413058 0.5949573  0.58883991 0.58467301
0.55942924 0.5783485  0.57403051 0.55940567 0.5525027  0.56026491 0.5811081  0.58227417 0.55702358 0.55591498
0.42620898 0.45248423 0.25590486 0.48490221 0.44121897 0.41538989 0.44026728 0.48188723 0.4313728  0.4216025
0.51122246 0.52127078 0.51622324 0.50451622 0.43923582 0.51349052 0.51964787 0.51437249 0.51969918 0.50892953
0.54482948 0.58675817 0.58145016 0.55354204 0.58090123 0.58703087 0.57230793 0.57100438 0.54597929 0.58262324